0 0.000000
1 0.000000
2 0.000000
3 0.000000
4 0.000000
5 0.000000
6 0.000000
7 0.000000
8 0.000000
9 0.175824
10 0.297924
11 0.288156
12 0.318681
13 0.336996
14 0.258852
15 0.250305
16 0.311355
17 0.291819
18 0.240537
19 0.233211
20 0.260073
21 0.264957
22 0.263736
23 0.262515
24 0.275946
25 0.299145
26 0.288156
27 0.261294
28 0.267399
29 0.297924
30 0.346764
31 0.273504
32 0.170940
33 0.170940
34 0.170940
35 0.273504
36 0.175824
37 0.169719
38 0.170940
39 0.169719
40 0.170940
41 0.170940
42 0.169719
43 0.175824
44 0.169719
45 0.170940
46 0.170940
47 0.170940
48 0.175824
49 0.170940
50 0.170940
51 0.170940
52 0.170940
53 0.170940
54 0.170940
55 0.170940
56 0.174603
57 0.170940
58 0.170940
59 0.173382
60 0.170940
61 0.170940
62 0.170940
63 0.170940
64 0.170940
65 0.170940
66 0.170940
67 0.170940
68 0.170940
69 0.170940
70 0.170940
71 0.174603
72 0.175824
73 0.179487
74 0.170940
75 0.170940
76 0.170940
77 0.170940
78 0.170940
79 0.170940
80 0.170940
81 0.170940
82 0.170940
83 0.170940
84 0.170940
85 0.170940
86 0.170940
87 0.170940
88 0.170940
89 0.170940
90 0.170940
91 0.170940
92 0.175824
93 0.174603
94 0.174603
95 0.170940
96 0.170940
97 0.170940
98 0.170940
99 0.169719
100 0.170940
101 0.170940
102 0.170940
103 0.170940
104 0.170940
105 0.170940
106 0.170940
107 0.170940
108 0.174603
109 0.271062
110 0.170940
111 0.174603
112 0.170940
113 0.170940
114 0.170940
115 0.170940
116 0.170940
117 0.170940
118 0.170940
119 0.170940
120 0.174603
121 0.170940
122 0.170940
123 0.170940
124 0.170940
125 0.169719
126 0.170940
127 0.170940
128 0.170940
129 0.170940
130 0.170940
131 0.170940
132 0.177045
133 0.170940
134 0.170940
135 0.169719
136 0.170940
137 0.170940
138 0.175824
139 0.170940
140 0.175824
141 0.170940
142 0.170940
143 0.169719
144 0.170940
145 0.170940
146 0.269841
147 0.170940
148 0.169719
149 0.170940
150 0.169719
151 0.170940
152 0.170940
153 0.174603
154 0.170940
155 0.174603
156 0.170940
157 0.170940
158 0.170940
159 0.170940
160 0.174603
161 0.169719
162 0.170940
163 0.170940
164 0.170940
165 0.170940
166 0.169719
167 0.170940
168 0.170940
169 0.170940
170 0.170940
171 0.169719
172 0.170940
173 0.174603
174 0.170940
175 0.170940
176 0.170940
177 0.170940
178 0.170940
179 0.170940
180 0.170940
181 0.170940
182 0.170940
183 0.170940
184 0.170940
185 0.170940
186 0.170940
187 0.170940
188 0.170940
189 0.170940
190 0.170940
191 0.170940
192 0.170940
193 0.170940
194 0.170940
195 0.170940
196 0.170940
197 0.175824
198 0.170940
199 0.170940
200 0.170940
201 0.169719
202 0.170940
203 0.170940
204 0.175824
205 0.170940
206 0.170940
207 0.170940
208 0.178266
209 0.170940
210 0.170940
211 0.170940
212 0.169719
213 0.170940
214 0.170940
215 0.174603
216 0.170940
217 0.170940
218 0.170940
219 0.174603
220 0.170940
221 0.170940
222 0.170940
223 0.170940
224 0.170940
225 0.170940
226 0.170940
227 0.170940
228 0.170940
229 0.170940
230 0.170940
231 0.174603
232 0.170940
233 0.169719
234 0.170940
235 0.174603
236 0.170940
237 0.170940
238 0.170940
239 0.170940
240 0.170940
241 0.170940
242 0.170940
243 0.170940
244 0.170940
245 0.170940
246 0.170940
247 0.170940
248 0.170940
249 0.169719
250 0.170940
251 0.169719
252 0.174603
253 0.170940
254 0.170940
255 0.170940
256 0.170940
257 0.174603
258 0.170940
259 0.170940
260 0.177045
261 0.178266
262 0.175824
263 0.177045
264 0.177045
265 0.174603
266 0.180708
267 0.268620
268 0.175824
269 0.174603
270 0.173382
271 0.179487
